value 3 13 549755805692 549688680446 D_3x13_B00_W10 1
value 3 13 549755805692 549755797496 D_3x13_B00_W01 1
value 3 13 549755781105 549487263739 D_3x13_B02_W12 1
value 3 13 549755781105 549755797496 D_3x13_B02_W01 1
value 3 13 549755781105 549755748323 D_3x13_B02_W03 1
value 3 13 549755682759 548681613295 D_3x13_B04_W14 1
value 3 13 549755682759 549755748323 D_3x13_B04_W03 1
value 3 13 549755682759 549755551631 D_3x13_B04_W05 1
value 3 13 549755289375 545459011519 D_3x13_B06_W16 1
value 3 13 549755289375 549755551631 D_3x13_B06_W05 1
value 3 13 549621538813 549755797496 D_3x13_B11_W01 1
value 3 13 549621538813 549688680446 D_3x13_B11_W10 1
value 3 13 549621538813 549487263739 D_3x13_B11_W12 1
value 3 13 549218713591 549755748323 D_3x13_B13_W03 1
value 3 13 549218713591 549487263739 D_3x13_B13_W12 1
value 3 13 549218713591 548681613295 D_3x13_B13_W14 1
value 3 13 547607412703 549755551631 D_3x13_B15_W05 1
value 3 13 547607412703 548681613295 D_3x13_B15_W14 1
value 3 13 547607412703 545459011519 D_3x13_B15_W16 1
