value 3 11 8589932540 8585734142 D_3x11_B00_W10 1
value 3 11 8589932540 8589930488 D_3x11_B00_W01 1
value 3 11 8589926385 8573128699 D_3x11_B02_W12 1
value 3 11 8589926385 8589930488 D_3x11_B02_W01 1
value 3 11 8589926385 8589918179 D_3x11_B02_W03 1
value 3 11 8589901767 8522711023 D_3x11_B04_W14 1
value 3 11 8589901767 8589918179 D_3x11_B04_W03 1
value 3 11 8589901767 8589868943 D_3x11_B04_W05 1
value 3 11 8581531645 8589930488 D_3x11_B11_W01 1
value 3 11 8581531645 8585734142 D_3x11_B11_W10 1
value 3 11 8581531645 8573128699 D_3x11_B11_W12 1
value 3 11 8556322807 8589918179 D_3x11_B13_W03 1
value 3 11 8556322807 8573128699 D_3x11_B13_W12 1
value 3 11 8556322807 8522711023 D_3x11_B13_W14 1
value 3 11 8455487455 8589868943 D_3x11_B15_W05 1
value 3 11 8455487455 8522711023 D_3x11_B15_W14 1
