value 5 5 33554396 33553310 D_5x5_B00_W10 1
value 5 5 33554396 33554360 D_5x5_B00_W01 1
value 5 5 33554289 33549883 D_5x5_B02_W12 1
value 5 5 33554289 33554360 D_5x5_B02_W01 1
value 5 5 33552157 33554360 D_5x5_B11_W01 1
value 5 5 33552157 33481663 D_5x5_B11_W21 1
value 5 5 33552157 33553310 D_5x5_B11_W10 1
value 5 5 33552157 33549883 D_5x5_B11_W12 1
value 5 5 33518559 33553310 D_5x5_B20_W10 1
value 5 5 33518559 33481663 D_5x5_B20_W21 1
value 5 5 33408895 33549883 D_5x5_B22_W12 1
value 5 5 33408895 33481663 D_5x5_B22_W21 1
