value 5 7 34359738236 34359721598 D_5x7_B00_W10 1
value 5 7 34359738236 34359738104 D_5x7_B00_W01 1
value 5 7 34359737841 34359671035 D_5x7_B02_W12 1
value 5 7 34359737841 34359738104 D_5x7_B02_W01 1
value 5 7 34359737841 34359737315 D_5x7_B02_W03 1
value 5 7 34359704701 34359738104 D_5x7_B11_W01 1
value 5 7 34359704701 34355429119 D_5x7_B11_W21 1
value 5 7 34359704701 34359721598 D_5x7_B11_W10 1
value 5 7 34359704701 34359671035 D_5x7_B11_W12 1
value 5 7 34359603703 34359737315 D_5x7_B13_W03 1
value 5 7 34359603703 34342501375 D_5x7_B13_W23 1
value 5 7 34359603703 34359671035 D_5x7_B13_W12 1
value 5 7 34357591935 34359721598 D_5x7_B20_W10 1
value 5 7 34357591935 34355429119 D_5x7_B20_W21 1
value 5 7 34351119871 34359671035 D_5x7_B22_W12 1
value 5 7 34351119871 34355429119 D_5x7_B22_W21 1
value 5 7 34351119871 34342501375 D_5x7_B22_W23 1
