value 5 9 35184372088316 35184371825150 D_5x9_B00_W10 1
value 5 9 35184372088316 35184372087800 D_5x9_B00_W01 1
value 5 9 35184372086769 35184371033083 D_5x9_B02_W12 1
value 5 9 35184372086769 35184372087800 D_5x9_B02_W01 1
value 5 9 35184372086769 35184372084707 D_5x9_B02_W03 1
value 5 9 35184372080583 35184367865839 D_5x9_B04_W14 1
value 5 9 35184372080583 35184372084707 D_5x9_B04_W03 1
value 5 9 35184371560957 35184372087800 D_5x9_B11_W01 1
value 5 9 35184371560957 35184101817343 D_5x9_B11_W21 1
value 5 9 35184371560957 35184371825150 D_5x9_B11_W10 1
value 5 9 35184371560957 35184371033083 D_5x9_B11_W12 1
value 5 9 35184369977335 35184372084707 D_5x9_B13_W03 1
value 5 9 35184369977335 35183291002879 D_5x9_B13_W23 1
value 5 9 35184369977335 35184371033083 D_5x9_B13_W12 1
value 5 9 35184369977335 35184367865839 D_5x9_B13_W14 1
value 5 9 35184237084159 35184371825150 D_5x9_B20_W10 1
value 5 9 35184237084159 35184101817343 D_5x9_B20_W21 1
value 5 9 35183831545855 35184371033083 D_5x9_B22_W12 1
value 5 9 35183831545855 35184101817343 D_5x9_B22_W21 1
value 5 9 35183831545855 35183291002879 D_5x9_B22_W23 1
value 5 9 35182209916927 35184367865839 D_5x9_B24_W14 1
value 5 9 35182209916927 35183291002879 D_5x9_B24_W23 1
