value 7 7 562949953421180 562949953404542 D_7x7_B00_W10 1
value 7 7 562949953421180 562949953421048 D_7x7_B00_W01 1
value 7 7 562949953420785 562949953353979 D_7x7_B02_W12 1
value 7 7 562949953420785 562949953421048 D_7x7_B02_W01 1
value 7 7 562949953420785 562949953420259 D_7x7_B02_W03 1
value 7 7 562949953387645 562949953421048 D_7x7_B11_W01 1
value 7 7 562949953387645 562949949112063 D_7x7_B11_W21 1
value 7 7 562949953387645 562949953404542 D_7x7_B11_W10 1
value 7 7 562949953387645 562949953353979 D_7x7_B11_W12 1
value 7 7 562949953286647 562949953420259 D_7x7_B13_W03 1
value 7 7 562949953286647 562949936184319 D_7x7_B13_W23 1
value 7 7 562949953286647 562949953353979 D_7x7_B13_W12 1
value 7 7 562949951274879 562949953404542 D_7x7_B20_W10 1
value 7 7 562949951274879 562949678678015 D_7x7_B20_W30 1
value 7 7 562949951274879 562949949112063 D_7x7_B20_W21 1
value 7 7 562949944802815 562949953353979 D_7x7_B22_W12 1
value 7 7 562949944802815 562948850253823 D_7x7_B22_W32 1
value 7 7 562949944802815 562949949112063 D_7x7_B22_W21 1
value 7 7 562949944802815 562949936184319 D_7x7_B22_W23 1
value 7 7 562949401837567 562949949112063 D_7x7_B31_W21 1
value 7 7 562949401837567 562949678678015 D_7x7_B31_W30 1
value 7 7 562949401837567 562948850253823 D_7x7_B31_W32 1
value 7 7 562947747086335 562949936184319 D_7x7_B33_W23 1
value 7 7 562947747086335 562948850253823 D_7x7_B33_W32 1
