value 5 7 32212252487 26826751598 PF_5x7_B04_W1043 2
value 5 7 30542251999 26826764287 PF_5x7_B153342_W43 -1
value 5 7 34225520637 16977493752 PF_5x7_B-_W0136 3
value 5 7 25759063325 4227776184 PF_5x7_B062022_W0145 0
value 5 7 34324086781 29672324856 PF_5x7_B-_W013034 4
value 5 7 25534365693 29942759160 PF_5x7_B35_W012134 3
value 5 7 30586912639 33281687295 PF_5x7_B203142_W21 -1
value 5 7 25531905916 34017616494 PF_5x7_B002435_W101430 1
value 5 7 25633873823 4075355071 PF_5x7_B0626_W233645 2
value 5 7 32177780735 26725842943 PF_5x7_B24_W3443 2
value 5 7 34326151167 29942759167 PF_5x7_B-_W2134 3
value 5 7 18742079991 28181527551 PF_5x7_B133144_W41 -1
value 5 7 25769803775 4227858431 PF_5x7_B-_W45 2
value 5 7 30586404724 33212853218 PF_5x7_B003142_W0325 0
value 5 7 8453427575 17178790847 PF_5x7_B132046_W16 -1
value 5 7 23563436031 3124641535 PF_5x7_B33_W213245 3
value 5 7 8455716220 4227791098 PF_5x7_B0046_W1245 1
value 5 7 23386914815 26759659519 PF_5x7_B35_W43 1
value 5 7 6307694559 854585343 PF_5x7_B1546_W364345 2
value 5 7 24982814719 34017886207 PF_5x7_B3135_W30 0
value 5 7 34323902804 29947044750 PF_5x7_B001320_W051434 1
value 5 7 34359735745 34359738088 PF_5x7_B0204_W01 0
value 5 7 34349004156 34359386734 PF_5x7_B002022_W1014 0
value 5 7 34325264327 34359469039 PF_5x7_B0424_W14 0
value 5 7 19293106679 29974604543 PF_5x7_B1344_W212325 2
value 5 7 4689231869 16106127096 PF_5x7_B4246_W01 0
value 5 7 32017604607 34341440447 PF_5x7_B2633_W1623 1
value 5 7 25769795583 4226797503 PF_5x7_B-_W1645 3
value 5 7 8453569908 17179785442 PF_5x7_B002046_W0312 0
value 5 7 24828051455 3806919679 PF_5x7_B40_W233645 3
value 5 7 19293765629 30060461816 PF_5x7_B44_W0121 2
value 5 7 25533341041 34290706554 PF_5x7_B022635_W101225 1
value 5 7 25769803743 4227854223 PF_5x7_B-_W0545 3
value 5 7 34325262839 34342500603 PF_5x7_B1324_W1223 1
value 5 7 33822859255 32475433891 PF_5x7_B-_W031641 4
value 5 7 19285266929 28960541627 PF_5x7_B021344_W1632 0
value 5 7 34225520639 16977494015 PF_5x7_B-_W36 2
value 5 7 30559698943 28873326591 PF_5x7_B42_W34 1
value 5 7 17672699903 28716285951 PF_5x7_B4244_W30 0
value 5 7 34323165556 34084731902 PF_5x7_B001324_W30 -1
