value 5 9 34428315237887 33186108914174 PF_5x9_B40_W102543 3
value 5 9 31127641120709 34008553290472 PF_5x9_B044044_W011834 1
value 5 9 35147829200887 16433496911871 PF_5x9_B13_W273438 3
value 5 9 35175740153311 30756143020542 PF_5x9_B15_W102736 3
value 5 9 35046933133279 34703066243979 PF_5x9_B-_W051241 4
value 5 9 35184371957757 35184304782072 PF_5x9_B-_W0118 3
value 5 9 7790475051007 17093583896575 PF_5x9_B264248_W2741 0
value 5 9 35182209752095 35184367630526 PF_5x9_B060824_W10 -1
value 5 9 19782582945655 27483225385983 PF_5x9_B131746_W2145 0
value 5 9 32729605308415 17054962810879 PF_5x9_B263540_W3841 0
value 5 9 34427774506973 33190365149944 PF_5x9_B152240_W011843 1
value 5 9 8624294330367 17059274555391 PF_5x9_B48_W3841 2
