value 7 7 562949953421279 562949953417103 PF_7x7_B-_W05 2
value 7 7 316109592326647 490652683004927 PF_7x7_B1364_W232554 2
value 7 7 526801361174527 544875657297919 PF_7x7_B53_W52 1
value 7 7 422203639726079 69239050076159 PF_7x7_B35_W344565 3
value 7 7 560689858871285 562932487879392 PF_7x7_B4046_W010323 2
value 7 7 562906060546047 561819906211839 PF_7x7_B2640_W3645 1
value 7 7 560725026111487 562932769242879 PF_7x7_B46_W21 1
value 7 7 562949951324028 562949678678014 PF_7x7_B00_W30 1
value 7 7 554145262042237 530964161691391 PF_7x7_B11_W324561 3
value 7 7 422168707989503 69238832234495 PF_7x7_B40_W4565 2
value 7 7 553912790644735 562879350432751 PF_7x7_B3151_W1441 1
value 7 7 289537970372607 473580991037183 PF_7x7_B406264_W214345 1
